%YAML:1.0
---
point2: []
point1: []
x_temp2: []
y_temp2: []
partner2: []
partner1: []
x_temp1: []
y_temp1: []
a1: 1
a2: 3000
b1: 101
b2: 3800
tRI: 6.5000000000000002e-01
ix: [ 2972, 3016, 3060, 3104, 2710, 2754, 2797, 2841, 2885, 2928, 2453,
    2495, 2538, 2581, 2624, 2667, 2241, 2283, 2325, 2368, 2410, 1948,
    1990, 2031, 2073, 2115, 2156, 2198, 2972, 3016, 3060, 3104, 1700,
    1741, 1782, 1823, 1865, 1906, 2710, 2753, 2797, 2841, 2884, 2928,
    1537, 1577, 1618, 1659, 2452, 2495, 2538, 2581, 2624, 2667, 2198,
    2240, 2282, 2325, 2367, 2410, 1947, 1989, 2031, 2072, 2114, 2156,
    2971, 3015, 3059, 3103, 1658, 1699, 1740, 1781, 1823, 1864, 1906,
    2710, 2753, 2797, 2840, 2884, 2927, 1536, 1576, 1617, 2452, 2494,
    2537, 2580, 2623, 2666, 2197, 2239, 2281, 2324, 2366, 2409, 1905,
    1947, 1988, 2030, 2072, 2113, 2155, 2971, 3015, 3059, 3103, 1617,
    1658, 1699, 1740, 1781, 1822, 1864, 2709, 2753, 2796, 2840, 2883,
    2927, 1536, 1576, 2451, 2494, 2537, 2580, 2623, 2666, 2155, 2196,
    2239, 2281, 2323, 2366, 2408, 1863, 1904, 1946, 1988, 2030, 2071,
    2113, 2971, 3014, 3059, 3103, 1575, 1616, 1657, 1698, 1739, 1780,
    1822, 2709, 2752, 2796, 2839, 2883, 2927, 1535, 2408, 2450, 2493,
    2536, 2579, 2622, 2666, 2154, 2196, 2238, 2281, 2323, 2365, 1862,
    1904, 1946, 1987, 2029, 2071, 2112, 3014, 3058, 3102, 1534, 1574,
    1615, 1656, 1697, 1738, 1780, 1821, 2708, 2752, 2795, 2838, 2882,
    2926, 2970, 2407, 2450, 2493, 2536, 2579, 2622, 2665, 2112, 2154,
    2195, 2238, 2280, 2322, 2365, 1820, 1862, 1903, 1945, 1987, 2028,
    2070, 3014, 3058, 3102, 1534, 1574, 1615, 1656, 1697, 1738, 1779,
    2708, 2751, 2794, 2838, 2882, 2926, 2970, 2406, 2449, 2492, 2535,
    2578, 2622, 2665, 2111, 2153, 2195, 2237, 2279, 2322, 2364, 1778,
    1820, 1861, 1903, 1944, 1986, 2028, 2069, 3013, 3057, 3102, 1533,
    1573, 1614, 1655, 1696, 1737, 2707, 2750, 2794, 2838, 2881, 2925,
    2969, 2406, 2449, 2492, 2535, 2578, 2621, 2664, 2069, 2110, 2152,
    2194, 2236, 2279, 2321, 2363, 1778, 1819, 1861, 1902, 1944, 1985,
    2027, 3013, 3057, 3101, 1532, 1573, 1613, 1654, 1695, 1736, 2707,
    2750, 2793, 2837, 2881, 2925, 2969, 2363, 2406, 2449, 2491, 2534,
    2577, 2620, 2663, 2068, 2110, 2152, 2194, 2236, 2278, 2320, 1736,
    1777, 1818, 1860, 1901, 1943, 1984, 2026, 3012, 3057, 3101, 1532,
    1572, 1613, 1654, 1695, 2706, 2749, 2793, 2837, 2880, 2924, 2968,
    2362, 2405, 2448, 2491, 2534, 2577, 2620, 2663, 2026, 2067, 2109,
    2151, 2193, 2235, 2278, 2320, 1694, 1735, 1776, 1818, 1859, 1901,
    1942, 1984, 3012, 3056, 3100, 1531, 1571, 1612, 1653, 2706, 2749,
    2792, 2836, 2880, 2924, 2968, 2362, 2405, 2447, 2490, 2533, 2576,
    2619, 2662, 1983, 2025, 2067, 2109, 2151, 2193, 2235, 2277, 2319,
    1611, 1652, 1693, 1734, 1776, 1817, 1858, 1900, 1942, 3056, 3100,
    1531, 1570, 2705, 2749, 2792, 2836, 2880, 2923, 2967, 3011, 2319,
    2361, 2404, 2447, 2490, 2532, 2576, 2618, 2662, 1983, 2024, 2066,
    2108, 2150, 2192, 2234, 2276, 1570, 1611, 1652, 1693, 1734, 1775,
    1816, 1858, 1899, 1941, 3055, 3100, 1530, 2705, 2748, 2792, 2835,
    2879, 2923, 2967, 3011, 2318, 2361, 2404, 2446, 2489, 2532, 2575,
    2618, 2661, 1940, 1982, 2024, 2066, 2107, 2149, 2191, 2234, 2276,
    1529, 1569, 1610, 1651, 1692, 1733, 1775, 1816, 1857, 1899, 3055,
    3099, 2704, 2748, 2791, 2835, 2879, 2923, 2966, 3010, 2275, 2318,
    2360, 2403, 2446, 2488, 2531, 2574, 2617, 2661, 1898, 1940, 1981,
    2023, 2065, 2107, 2149, 2191, 2233, 1528, 1568, 1609, 1650, 1691,
    1733, 1774, 1815, 1857, 3099, 2704, 2747, 2791, 2835, 2878, 2922,
    2966, 3010, 3054, 2275, 2317, 2360, 2403, 2445, 2488, 2531, 2574,
    2617, 2660, 1856, 1898, 1939, 1981, 2022, 2064, 2106, 2148, 2190,
    2233, 1568, 1609, 1650, 1691, 1732, 1773, 1815, 3099, 2703, 2747,
    2790, 2834, 2878, 2921, 2966, 3010, 3054, 2274, 2317, 2360, 2402,
    2445, 2488, 2530, 2573, 2617, 2660, 1814, 1855, 1897, 1939, 1980,
    2022, 2064, 2105, 2147, 2190, 2232, 1527, 1567, 1608, 1649, 1690,
    1731, 1773, 2703, 2746, 2790, 2834, 2877, 2921, 2965, 3009, 3054,
    3098, 2232, 2274, 2316, 2359, 2402, 2444, 2487, 2530, 2573, 2616,
    2659, 1772, 1813, 1855, 1896, 1938, 1979, 2021, 2063, 2105, 2147,
    2189, 1566, 1607, 1648, 1690, 1731, 2702, 2746, 2789, 2833, 2877,
    2921, 2965, 3009, 3053, 3098, 2231, 2273, 2316, 2359, 2401, 2444,
    2486, 2529, 2572, 2616, 2659, 1730, 1771, 1813, 1854, 1896, 1937,
    1979, 2021, 2062, 2104, 2146, 2189, 1566, 1606, 1648, 1689, 2702,
    2745, 2789, 2833, 2877, 2921, 2965, 3009, 3053, 3098, 2188, 2231,
    2273, 2316, 2358, 2401, 2443, 2486, 2529, 2572, 2615, 2658, 1688,
    1729, 1770, 1812, 1853, 1895, 1936, 1978, 2020, 2062, 2104, 2146,
    1525, 1565, 1606, 1647, 2701, 2745, 2789, 2832, 2876, 2920, 2964,
    3009, 3053, 3097, 2145, 2188, 2230, 2272, 2315, 2357, 2400, 2443,
    2486, 2528, 2572, 2615, 2658, 1646, 1687, 1728, 1770, 1811, 1853,
    1894, 1936, 1978, 2019, 2061, 2103, 1564, 1605, 2701, 2744, 2788,
    2832, 2876, 2920, 2964, 3008, 3052, 3097, 2145, 2187, 2230, 2272,
    2314, 2357, 2400, 2442, 2485, 2528, 2571, 2614, 2657, 1563, 1604,
    1645, 1686, 1728, 1769, 1811, 1852, 1893, 1935, 1977, 2019, 2061,
    2103, 2700, 2744, 2788, 2832, 2876, 2920, 2964, 3008, 3052, 3097,
    2102, 2144, 2187, 2229, 2271, 2314, 2356, 2399, 2442, 2485, 2528,
    2570, 2614, 2657, 1523, 1563, 1603, 1644, 1686, 1727, 1768, 1810,
    1851, 1893, 1934, 1976, 2018, 2060, 2700, 2744, 2787, 2831, 2875,
    2919, 2963, 3008, 3052, 3096, 2060, 2102, 2144, 2186, 2228, 2271,
    2313, 2356, 2398, 2441, 2484, 2527, 2570, 2613, 2657, 1562, 1603,
    1644, 1685, 1726, 1768, 1809, 1851, 1892, 1934, 1976, 2018, 2743,
    2787, 2831, 2875, 2919, 2963, 3007, 3052, 3096, 2017, 2059, 2101,
    2143, 2186, 2228, 2270, 2313, 2355, 2398, 2441, 2484, 2527, 2570,
    2613, 2656, 2700, 1561, 1602, 1643, 1684, 1725, 1767, 1808, 1850,
    1891, 1933, 1975, 2743, 2787, 2831, 2875, 2919, 2963, 3007, 3051,
    3096, 1974, 2016, 2058, 2101, 2143, 2185, 2227, 2270, 2312, 2355,
    2398, 2440, 2483, 2526, 2569, 2612, 2656, 2699, 1560, 1601, 1642,
    1683, 1725, 1766, 1808, 1849, 1891, 1933, 2786, 2830, 2874, 2918,
    2962, 3007, 3051, 3095, 3139, 1932, 1974, 2016, 2058, 2100, 2142,
    2184, 2227, 2269, 2312, 2354, 2397, 2440, 2483, 2526, 2569, 2612,
    2655, 2699, 2743, 1559, 1600, 1641, 1683, 1724, 1765, 1807, 1849,
    1890, 2830, 2874, 2918, 2962, 3006, 3051, 3095, 3139, 1931, 1973,
    2015, 2057, 2099, 2142, 2184, 2226, 2269, 2311, 2354, 2397, 2439,
    2482, 2525, 2568, 2612, 2655, 2698, 2742, 2786, 1559, 1600, 1641,
    1682, 1723, 1765, 1806, 1848, 1890, 2873, 2918, 2962, 3006, 3050,
    3095, 3139, 1889, 1931, 1973, 2015, 2057, 2099, 2141, 2183, 2226,
    2268, 2311, 2353, 2396, 2439, 2482, 2525, 2568, 2611, 2655, 2698,
    2742, 2786, 2830, 1558, 1599, 1640, 1681, 1723, 1764, 1806, 1847,
    2830, 2873, 2917, 2961, 3006, 3050, 3095, 1763, 1805, 1847, 1888,
    1930, 1972, 2014, 2056, 2098, 2140, 2183, 2225, 2268, 2310, 2353,
    2396, 2438, 2481, 2524, 2567, 2611, 2654, 2698, 2741, 2785, 1557,
    1598, 1639, 1680, 1722 ]
iy: [ 1297, 1295, 1293, 1291, 1308, 1306, 1304, 1302, 1301, 1299, 1319,
    1318, 1316, 1314, 1312, 1310, 1329, 1327, 1325, 1323, 1321, 1341,
    1339, 1338, 1336, 1334, 1333, 1331, 1341, 1339, 1337, 1335, 1351,
    1349, 1348, 1346, 1344, 1343, 1352, 1350, 1348, 1346, 1345, 1343,
    1358, 1356, 1354, 1353, 1363, 1361, 1359, 1357, 1356, 1354, 1374,
    1372, 1370, 1368, 1367, 1365, 1384, 1383, 1381, 1379, 1377, 1376,
    1385, 1383, 1381, 1379, 1396, 1394, 1392, 1391, 1389, 1387, 1386,
    1396, 1394, 1392, 1391, 1389, 1387, 1400, 1399, 1397, 1406, 1405,
    1403, 1401, 1399, 1398, 1417, 1415, 1414, 1412, 1410, 1408, 1429,
    1427, 1426, 1424, 1422, 1421, 1419, 1429, 1427, 1426, 1424, 1440,
    1438, 1437, 1435, 1433, 1432, 1430, 1440, 1438, 1436, 1435, 1433,
    1431, 1443, 1441, 1450, 1448, 1447, 1445, 1443, 1442, 1462, 1460,
    1459, 1457, 1455, 1454, 1452, 1473, 1472, 1470, 1469, 1467, 1465,
    1464, 1473, 1472, 1470, 1468, 1484, 1482, 1481, 1479, 1478, 1476,
    1475, 1484, 1482, 1480, 1479, 1477, 1475, 1485, 1495, 1494, 1492,
    1490, 1489, 1487, 1486, 1505, 1503, 1502, 1500, 1499, 1497, 1516,
    1515, 1513, 1512, 1510, 1508, 1507, 1516, 1514, 1513, 1528, 1527,
    1525, 1524, 1522, 1521, 1519, 1518, 1528, 1526, 1525, 1523, 1521,
    1519, 1518, 1539, 1537, 1536, 1534, 1533, 1531, 1530, 1550, 1548,
    1547, 1545, 1544, 1542, 1540, 1561, 1559, 1558, 1556, 1555, 1553,
    1552, 1560, 1558, 1557, 1571, 1569, 1568, 1566, 1565, 1564, 1562,
    1572, 1570, 1568, 1567, 1565, 1563, 1562, 1583, 1581, 1579, 1578,
    1577, 1575, 1573, 1593, 1592, 1590, 1589, 1587, 1586, 1584, 1605,
    1604, 1602, 1601, 1599, 1598, 1596, 1595, 1604, 1603, 1601, 1613,
    1612, 1611, 1609, 1608, 1607, 1616, 1614, 1612, 1611, 1609, 1608,
    1606, 1626, 1625, 1623, 1622, 1620, 1619, 1617, 1638, 1637, 1635,
    1634, 1632, 1631, 1629, 1628, 1648, 1647, 1645, 1644, 1642, 1641,
    1640, 1648, 1647, 1645, 1656, 1655, 1653, 1652, 1651, 1650, 1659,
    1658, 1656, 1655, 1653, 1652, 1650, 1671, 1670, 1669, 1667, 1666,
    1664, 1663, 1661, 1681, 1680, 1678, 1677, 1676, 1674, 1673, 1692,
    1691, 1690, 1688, 1687, 1685, 1684, 1683, 1693, 1691, 1690, 1699,
    1697, 1696, 1695, 1694, 1703, 1702, 1700, 1699, 1697, 1696, 1694,
    1715, 1714, 1712, 1711, 1709, 1708, 1706, 1705, 1726, 1725, 1723,
    1722, 1721, 1719, 1718, 1717, 1736, 1735, 1734, 1732, 1731, 1730,
    1728, 1727, 1737, 1736, 1734, 1741, 1740, 1739, 1738, 1747, 1746,
    1744, 1743, 1742, 1740, 1739, 1759, 1757, 1756, 1755, 1753, 1752,
    1750, 1749, 1770, 1769, 1768, 1767, 1765, 1764, 1763, 1761, 1760,
    1781, 1780, 1779, 1778, 1776, 1775, 1774, 1773, 1771, 1780, 1779,
    1784, 1783, 1791, 1790, 1788, 1787, 1786, 1785, 1783, 1782, 1803,
    1802, 1801, 1799, 1798, 1797, 1795, 1794, 1793, 1813, 1812, 1811,
    1810, 1808, 1807, 1806, 1804, 1825, 1824, 1823, 1822, 1820, 1819,
    1818, 1817, 1816, 1815, 1825, 1823, 1826, 1835, 1834, 1833, 1831,
    1830, 1829, 1827, 1826, 1847, 1845, 1844, 1843, 1842, 1841, 1839,
    1838, 1837, 1858, 1856, 1855, 1854, 1853, 1851, 1850, 1849, 1848,
    1869, 1868, 1867, 1866, 1864, 1863, 1862, 1861, 1860, 1859, 1869,
    1868, 1879, 1878, 1877, 1876, 1874, 1873, 1872, 1870, 1891, 1890,
    1889, 1888, 1887, 1886, 1885, 1883, 1882, 1881, 1902, 1901, 1900,
    1898, 1897, 1896, 1895, 1893, 1892, 1911, 1910, 1909, 1908, 1907,
    1906, 1905, 1904, 1903, 1912, 1923, 1922, 1921, 1920, 1918, 1917,
    1916, 1915, 1914, 1935, 1934, 1933, 1932, 1931, 1929, 1928, 1927,
    1926, 1925, 1946, 1945, 1944, 1943, 1942, 1940, 1939, 1938, 1937,
    1936, 1953, 1952, 1951, 1950, 1949, 1948, 1947, 1957, 1968, 1966,
    1965, 1964, 1963, 1962, 1960, 1959, 1958, 1979, 1978, 1977, 1976,
    1974, 1973, 1972, 1971, 1970, 1969, 1990, 1989, 1988, 1987, 1986,
    1985, 1984, 1983, 1982, 1981, 1980, 1997, 1996, 1995, 1994, 1993,
    1992, 1991, 2012, 2011, 2009, 2008, 2007, 2006, 2005, 2004, 2003,
    2002, 2023, 2022, 2021, 2020, 2019, 2018, 2017, 2016, 2015, 2014,
    2013, 2034, 2033, 2032, 2031, 2030, 2029, 2028, 2027, 2026, 2025,
    2024, 2039, 2038, 2037, 2036, 2035, 2056, 2055, 2053, 2052, 2051,
    2050, 2049, 2048, 2047, 2046, 2067, 2066, 2065, 2064, 2063, 2062,
    2061, 2060, 2059, 2058, 2057, 2078, 2077, 2076, 2075, 2074, 2073,
    2072, 2071, 2070, 2069, 2069, 2068, 2082, 2081, 2080, 2079, 2100,
    2099, 2098, 2097, 2096, 2095, 2094, 2093, 2092, 2091, 2111, 2110,
    2109, 2108, 2107, 2106, 2105, 2105, 2104, 2103, 2102, 2101, 2122,
    2121, 2120, 2119, 2118, 2117, 2117, 2116, 2115, 2114, 2113, 2112,
    2125, 2125, 2124, 2123, 2144, 2143, 2142, 2141, 2140, 2139, 2138,
    2137, 2136, 2136, 2155, 2155, 2154, 2153, 2152, 2151, 2150, 2149,
    2148, 2148, 2147, 2146, 2145, 2166, 2165, 2164, 2163, 2162, 2161,
    2161, 2160, 2159, 2158, 2157, 2156, 2168, 2167, 2188, 2187, 2186,
    2185, 2185, 2184, 2183, 2182, 2181, 2180, 2199, 2198, 2197, 2197,
    2196, 2195, 2194, 2193, 2192, 2191, 2191, 2190, 2189, 2210, 2210,
    2209, 2208, 2207, 2206, 2205, 2204, 2204, 2203, 2202, 2201, 2200,
    2200, 2232, 2231, 2231, 2230, 2229, 2228, 2227, 2227, 2226, 2225,
    2243, 2242, 2242, 2241, 2240, 2239, 2239, 2238, 2237, 2236, 2235,
    2235, 2234, 2233, 2254, 2253, 2252, 2252, 2251, 2250, 2249, 2248,
    2248, 2247, 2246, 2245, 2244, 2244, 2276, 2276, 2275, 2274, 2274,
    2273, 2272, 2271, 2270, 2270, 2287, 2287, 2286, 2285, 2285, 2284,
    2283, 2282, 2282, 2281, 2280, 2279, 2279, 2278, 2277, 2296, 2295,
    2294, 2294, 2293, 2292, 2291, 2291, 2290, 2289, 2289, 2288, 2320,
    2319, 2319, 2318, 2317, 2317, 2316, 2315, 2315, 2331, 2331, 2330,
    2330, 2329, 2328, 2328, 2327, 2326, 2326, 2325, 2324, 2323, 2323,
    2322, 2321, 2321, 2339, 2338, 2337, 2337, 2336, 2335, 2335, 2334,
    2333, 2333, 2332, 2364, 2364, 2363, 2363, 2362, 2361, 2361, 2360,
    2359, 2375, 2375, 2374, 2374, 2373, 2373, 2372, 2371, 2371, 2370,
    2369, 2369, 2368, 2368, 2367, 2366, 2366, 2365, 2381, 2381, 2380,
    2380, 2379, 2379, 2378, 2377, 2377, 2376, 2408, 2408, 2407, 2407,
    2406, 2405, 2404, 2404, 2404, 2419, 2419, 2419, 2418, 2417, 2417,
    2416, 2416, 2415, 2414, 2414, 2413, 2413, 2412, 2412, 2411, 2411,
    2410, 2410, 2409, 2424, 2424, 2423, 2423, 2422, 2422, 2421, 2421,
    2420, 2452, 2452, 2451, 2450, 2450, 2449, 2449, 2448, 2463, 2463,
    2462, 2462, 2461, 2461, 2460, 2459, 2459, 2458, 2458, 2457, 2457,
    2456, 2456, 2455, 2455, 2454, 2454, 2453, 2453, 2468, 2467, 2466,
    2466, 2465, 2465, 2464, 2464, 2464, 2496, 2496, 2495, 2495, 2494,
    2494, 2493, 2507, 2507, 2506, 2506, 2505, 2505, 2504, 2504, 2503,
    2503, 2502, 2502, 2501, 2501, 2500, 2500, 2500, 2499, 2499, 2498,
    2497, 2497, 2497, 2511, 2510, 2510, 2509, 2509, 2508, 2508, 2508,
    2540, 2540, 2539, 2539, 2538, 2538, 2538, 2551, 2551, 2551, 2550,
    2550, 2549, 2549, 2548, 2548, 2547, 2547, 2546, 2546, 2545, 2545,
    2545, 2544, 2544, 2543, 2543, 2542, 2542, 2541, 2541, 2541, 2554,
    2553, 2553, 2552, 2552 ]
